0,1,2
0.01917928457260132,0.2270129919052124,-0.06654755771160126
0.04422677680850029,0.23419678211212158,-0.039456527680158615
0.0664510503411293,0.25118541717529297,-0.0178782157599926
0.0963711217045784,0.2572593688964844,0.005437333136796951
0.0963711217045784,0.2572593688964844,0.005437333136796951
0.055804476141929626,0.21799570322036743,0.024387318640947342
0.0632682740688324,0.20465242862701416,0.06119247153401375
0.06577107310295105,0.20186477899551392,0.08610911667346954
0.06577107310295105,0.20186477899551392,0.08610911667346954
0.03402295708656311,0.21226513385772705,0.02243860438466072
0.031213492155075073,0.1947360634803772,0.06248994544148445
0.024395707994699478,0.20352435111999512,0.09001083672046661
0.024395707994699478,0.20352435111999512,0.09001083672046661
0.013355016708374023,0.21112388372421265,0.017339546233415604
0.007855366915464401,0.1915026307106018,0.05506821349263191
-0.002747081220149994,0.21146583557128906,0.07203991711139679
-0.002747081220149994,0.21146583557128906,0.07203991711139679
-0.006846584379673004,0.21469950675964355,0.011719543486833572
-0.02001180499792099,0.20465898513793945,0.04272492602467537
-0.026079311966896057,0.22275733947753906,0.04879077151417732
-0.026079311966896057,0.22275733947753906,0.04879077151417732
